% Model:              si111_6keV_0.75um_grid_source_onrowland.mph
% Version:            COMSOL 5.3.0.260
% Date:               Dec 7 2017, 16:23
% Dimension:          2
% Nodes:              668
% Expressions:        4
% Description:        , , , 
% Length unit:        µm
% x                       y                        real(u1*exp(i*beta*sh)) (1) @ t=1, scan_arcsec=6.9697 imag(u1*exp(i*beta*sh)) (1) @ t=1, scan_arcsec=6.9697 real(u2*exp(i*beta*sh-i*G*uz)) (1) @ t=1, scan_arcsec=6.9697 imag(u2*exp(i*beta*sh-i*G*uz)) (1) @ t=1, scan_arcsec=6.9697
-99.9995                  0.0010168749999999998    -0.025865762342789332    -0.01751432596555117     0                        0
-99.24987856071962        0.0010019386900440332    -0.0587600535572724      -0.028062526302273       6.702082431411778E-4     0.007143534768596331
-98.50025712143928        9.871147676723856E-4     -0.06487880290510398     -0.019857610777792283    -1.1309726171193375E-4   0.013331243604055723
-97.75063568215893        9.724032328850569E-4     -0.06988534788486045     -0.010534475707519505    -0.002355183990751136    0.019241674160803975
-97.00101424287858        9.578040856820469E-4     -0.0735943089343633      -2.453315771913118E-4    -0.0066578234195107215   0.02389062381801746
-96.25139280359821        9.433173260633553E-4     -0.0758421711015316      0.010828624422644477     -0.010500913644164198    0.02775428086244152
-95.50177136431785        9.289429540289825E-4     -0.07649165054310367     0.022480582705480714     -0.01621326066745612     0.03158163711956772
-94.75214992503749        9.146809695789288E-4     -0.07543550260859305     0.034482134260727125     -0.022656285662287813    0.03380653398890238
-94.00252848575714        9.005313727131938E-4     -0.07259968129461207     0.04658782514760059      -0.03033521987143041     0.0358966479515142
-93.25290704647676        8.864941634317774E-4     -0.06794577719801047     0.05854014333225699      -0.03849887684956648     0.03553311693114902
-92.50328560719642        8.725693417346802E-4     -0.061472679875496594    0.07007481976620036      -0.046422996145800435    0.03402397994685137
-91.75366416791606        8.587569076219015E-4     -0.05321743017874915     0.08092631992393327      -0.05529857529086378     0.03057518346059552
-91.00404272863571        8.450568610934415E-4     -0.043255248123907665    0.09083339961324191      -0.06315059896756431     0.02530748847059293
-90.25442128935532        8.314692021493003E-4     -0.031698741635278097    0.09954459968297585      -0.07004018062534849     0.019232152710507093
-89.50479985007497        8.17993930789478E-4      -0.01869632056854585     0.10682355813577726      -0.0761164080290565      0.010873685668604523
-88.75517841079463        8.046310470139746E-4     -0.0044298583055666675   0.1124540248857743       -0.081307328568619       9.112003196610555E-4
-88.00555697151425        7.913805508227896E-4     0.010888340487977172     0.11624447369652845      -0.08589778076178727     -0.00946528815225632
-87.25593553223389        7.782424422159237E-4     0.027019192985421832     0.11803221735129385      -0.08831297127891494     -0.020168677898259105
-86.50631409295356        7.65216721193377E-4      0.04370102709227654      0.11768694546314463      -0.08869661719007696     -0.031866903161958844
-85.7566926536732         7.523033877551487E-4     0.06065421126305989      0.11511361911549772      -0.08789033490998721     -0.04545779544863837
-85.00707121439282        7.395024419012388E-4     0.07758612320815556      0.11025467230724541      -0.08490444268274833     -0.05904357075922317
-84.25744977511248        7.26813883631648E-4      0.09419635087855067      0.10309148653132699      -0.07979420384231166     -0.07143889954195672
-83.5078283358321         7.142377129463759E-4     0.11018201713615312      0.09364512132003135      -0.07261833334624289     -0.0842855843509824
-82.75820689655175        7.017739298454227E-4     0.12524312005985386      0.08197629984305965      -0.06317767734574872     -0.09670224219864554
-82.0085854572714         6.894225343287881E-4     0.13908778376812853      0.06818466427252655      -0.05265683350467727     -0.10743475814293778
-81.25896401799103        6.771835263964725E-4     0.15143731977129093      0.05240733029676462      -0.040584326907912194    -0.11754469981926276
-80.50934257871069        6.650569060484757E-4     0.16203100597096637      0.03481678357895157      -0.026212053558027373    -0.12618485112370137
-79.75972113943033        6.530426732847974E-4     0.17063049923622714      0.015618172872424327     -0.011035149788276327    -0.13252679719658123
-79.01009970014995        6.411408281054382E-4     0.17702380771526574      -0.004953935272190339    0.00519473031514156      -0.1375981244628652
-78.2604782608696         6.293513705103975E-4     0.18102876038182605      -0.02663926688367705     0.023248000149176294     -0.1404605054094032
-77.51085682158924        6.176743004996758E-4     0.182495923452773        -0.049155936240554476    0.04138901096111543      -0.1407167003199934
-76.76123538230887        6.061096180732727E-4     0.1813109259337759       -0.07220484254047763     0.0595451108353434       -0.13991504670305552
-76.01161394302854        5.94657323231189E-4      0.17739616934924765      -0.09547428072116673     0.07841000933752894      -0.13718139185832218
-75.26199250374819        5.833174159734234E-4     0.17071190940098713      -0.11864467892884015     0.09676609205850012      -0.131529484519573
-74.5123710644678         5.720898962999766E-4     0.16125670960933347      -0.14139337627511803     0.1148409862042358       -0.12371899862608993
-73.76274962518747        5.60974764210849E-4      0.14906727867932915      -0.16339935734004393     0.13264516706209867      -0.1135387227293772
-73.0131281859071         5.499720197060399E-4     0.134217714190872        -0.1843478642079993      0.1485071636980874       -0.10134424638438633
-72.26350674662675        5.390816627855496E-4     0.11681818505760987      -0.2039348124826267      0.16336626028566503      -0.0876997278339605
-71.51388530734637        5.283036934493779E-4     0.09701309389055736      -0.22187094451695838     0.17813344961740551      -0.0712517547224716
-70.76426386806601        5.176381116975252E-4     0.07497876783094677      -0.23788566080495926     0.19065047195075302      -0.05251384807188398
-70.01464242878565        5.070849175299913E-4     0.05092073250953938      -0.25173047889474326     0.20097782615519189      -0.03338117646596318
-69.26502098950529        4.966441109467763E-4     0.02507062850787592      -0.2631820780856649      0.21043535534957808      -0.01269926494972698
-68.51539955022494        4.863156919478798E-4     -0.0023171669656449623   -0.27204489735033954     0.217288797292873        0.00995273185613388
-67.76577811094455        4.7609966053330206E-4    -0.03096914849162216     -0.2781532631767347      0.22097233917334022      0.032620295735923385
-67.0161566716642         4.6599601670304323E-4    -0.06059645558024786     -0.28137303316642803     0.22302903975548105      0.05579212038314886
-66.26653523238383        4.560047604571031E-4     -0.09089874572726406     -0.28160275008086805     0.2228003742949005       0.08048581384327447
-65.51691379310347        4.461258917954819E-4     -0.1215681042708969      -0.2787743094448673      0.21944779347438886      0.10524027722337376
-64.76729235382311        4.363594107181795E-4     -0.15229293065650232     -0.272853151663168       0.21385755329610281      0.12957433025499238
-64.01767091454276        4.2670531722519586E-4    -0.18276174433927525     -0.2638379967711584      0.20599161771531238      0.15385144661466738
-63.26804947526238        4.1716361131653083E-4    -0.2126668579490019      -0.2517601463366511      0.19563001921617254      0.1771986176266186
-62.518428035982026       4.0773429299218475E-4    -0.24170787036682304     -0.2366823825904198      0.18320306009848691      0.19983478840697466
-61.76880659670166        3.9841736225215734E-4    -0.26959493788286587     -0.21869749954525453     0.1683047034296817       0.22232406885024436
-61.01918515742128        3.892128190964488E-4     -0.296051787477059       -0.19792650464407202     0.15105846660538774      0.24353492137255614
-60.269563718140915       3.801206635250589E-4     -0.3208184423596673      -0.17451653235392856     0.13219523027167934      0.2630915067939959
-59.519942278860555       3.711408955379879E-4     -0.34365363609531085     -0.14863851310981133     0.11114812898450231      0.2814428955805418
-58.770320839580194       3.622735151352358E-4     -0.36433689779585265     -0.12048464214073731     0.08787271829484207      0.2978365132344489
-58.02069940029981        3.5351852231680215E-4    -0.38267029689498305     -0.0902656930260837      0.06350827710402668      0.31195868367393775
-57.27107796101945        3.448759170826876E-4     -0.3984798418137361      -0.05820822038918949     0.037801765493035        0.324300013119466
-56.52145652173909        3.3634569943289186E-4    -0.4116165323073557      -0.0245516950044444      0.010180721487245775     0.3345981240070069
-55.77183508245872        3.2792786936741464E-4    -0.42195707037862856     0.010454387152679703     -0.018702227554967796    0.34290047445663574
-55.02221364317835        3.196224268862563E-4     -0.42940423929331845     0.04655338266691063      -0.04861719101157835     0.34932285536479735
-54.272592203897986       3.114293719894169E-4     -0.4338869643950575      0.08348432874849634      -0.07928947502069063     0.3529265412355118
-53.52297076461763        3.033487046768963E-4     -0.4353600730583824      0.12098468820499597      -0.10981393794875302     0.3537250858719669
-52.77334932533727        2.9538042494869443E-4    -0.4338037742202173      0.15879298132013941      -0.14048437077280643     0.35253857445412873
-52.02372788605688        2.8752453280481106E-4    -0.4292228804842374      0.1966512782460439       -0.17175432396260853     0.34872773235369314
-51.274106446776536       2.797810282452469E-4     -0.42164579780194184     0.2343075292511833       -0.20275421918195272     0.3419452492228913
-50.524485007496175       2.7214991127000137E-4    -0.4111233092112626      0.27151771396010294      -0.23338357537553342     0.3331755887988429
-49.7748635682158         2.6463118187907455E-4    -0.39772718007880176     0.3080477945049164       -0.2641308319906879      0.3222376326625743
-49.02524212893543        2.5722484007246647E-4    -0.3815486127729992      0.34367546122253073      -0.2941219035138927      0.3085020689442487
-48.275620689655064       2.499308858501773E-4     -0.36269657872661565     0.3781916631208235       -0.32287442935765553     0.2926766752188976
-47.5259992503747         2.4274931921220696E-4    -0.34129605546605296     0.4114019187553769       -0.3508638017293069      0.2749571473200007
-46.776377811094335       2.3568014015855527E-4    -0.3174861954343425      0.44312740636597037      -0.37749371667146364     0.2548756932927547
-46.02675637181396        2.2872334868922234E-4    -0.29141845235836683     0.4732058350868625       -0.40240587660719007     0.23290272308267718
-45.2771349325336         2.218789448042084E-4     -0.26325468955475206     0.501492101741887        -0.42643798715403813     0.20925058755209502
-44.527513493253245       2.151469285035132E-4     -0.23316529297885394     0.5278587401465328       -0.449199152382891       0.18364517504630612
-43.77789205397287        2.0852729978713665E-4    -0.20132731004301835     0.5521961719527924       -0.46964846675230854     0.1566678610376615
-43.028270614692495       2.0202005865507892E-4    -0.16792263330805285     0.5744127698832502       -0.48818545304899025     0.12851128300134862
-42.27864917541215        1.9562520510734015E-4    -0.13313624612783959     0.5944347457086867       -0.5051912011953095      0.0987040696797675
-41.52902773613179        1.8934273914392007E-4    -0.09715454524140935     0.6122058765332794       -0.5203814017124208      0.0678475524379806
-40.77940629685141        1.831726607648187E-4     -0.06016375319619577     0.6276870838728094       -0.5338499732951055      0.036454178143746824
-40.029784857571045       1.7711496997003612E-4    -0.02234843138453707     0.6408558806571154       -0.5453346156557776      0.00399111905089343
-39.280163418290684       1.711696667595724E-4     0.016109897587111455     0.6517057016746084       -0.554549621078009       -0.029314113569110345
-38.53054197901032        1.653367511334275E-4     0.055034011473876016     0.660245133122712        -0.562201592933658       -0.06286064144544021
-37.780920539729955       1.5961622309160125E-4    0.09425212909928733      0.6664970568542016       -0.568269124774669       -0.0968692766148864
-37.03129910044958        1.5400808263409382E-4    0.13359892718062763      0.6704977246376101       -0.5717597788807062      -0.13108889270523658
-36.28167766116922        1.4851232976090525E-4    0.1729164319383417       0.6722957773029228       -0.5729571883620433      -0.16496401725520013
-35.53205622188886        1.4312896447203546E-4    0.21205478569829572      0.6719512230449194       -0.5726649022017704      -0.19887115145833886
-34.78243478260849        1.378579867674844E-4     0.250872890095221        0.669534388428857        -0.570647821484483       -0.23285215113733376
-34.032813343328115       1.326993966472521E-4     0.28923892873620016      0.6651248548093684       -0.5668629180413611      -0.2662843309202382
-33.28319190404776        1.276531941113387E-4     0.3270307732815584       0.6588103919554633       -0.5616585073230662      -0.2993151807983575
-32.5335704647674         1.2271937915974405E-4    0.3641362778471593       0.6506858996931677       -0.5547429583307356      -0.3321741501923083
-31.78394902548701        1.1789795179246804E-4    0.4004534674288235       0.6408523673523068       -0.5459783602802244      -0.36434101806586616
-31.034327586206658       1.13188912009511E-4      0.4358906267007101       0.6294158597533546       -0.5358890611536764      -0.39560765451182184
-30.284706146926297       1.0859225981087272E-4    0.4703662960508963       0.616486537410763        -0.5248092423668862      -0.4260959691690033
-29.53508470764594        1.0410799519655324E-4    0.5038091820962661       0.602177717575729        -0.5127333228699666      -0.4556148647565544
-28.785463268365568       9.973611816655247E-5     0.5361579901738414       0.586604981707156        -0.4994014699678074      -0.4841645830943662
-28.035841829085197       9.547662872087048E-5     0.5673611864460778       0.5698853339561625       -0.48450427705155796     -0.5118754093940816
-27.28622038980484        9.132952685950735E-5     0.5973766972934609       0.552136414286748        -0.4685615529056208      -0.5385874851913927
-26.53659895052448        8.729481258246302E-5     0.6261715536094179       0.5334757689412283       -0.4524069615901388      -0.5643475195612221
-25.786977511244093       8.337248588973733E-5     0.6537214874707119       0.514020180100468        -0.43577970052890036     -0.589323734332245
-25.037356071963735       7.956254678133055E-5     0.680010488441797        0.4938850557907392       -0.4180303805882891      -0.6132414681014413
-24.28773463268337        7.586499525724255E-5     0.7050303264946047       0.4731838803549212       -0.39944839012578726     -0.6358503928454169
-23.538113193403          7.227983131747328E-5     0.7287800481960416       0.4520277251381414       -0.3806550902097747      -0.6573042860396793
-22.788491754122642       6.880705496202288E-5     0.7512654524441832       0.4305248184378078       -0.36173821560937935     -0.6777312170334163
-22.038870314842267       6.544666619089119E-5     0.7724985516297732       0.4087801732357441       -0.3425611436340028      -0.6971578647038217
-21.28924887556191        6.219866500407835E-5     0.792497023671228        0.3868952707646317       -0.32319986745366047     -0.7156510314256384
-20.53962743628154        5.906305140158424E-5     0.8112836599268574       0.36496779756087505      -0.3039048708925549      -0.7332347287360084
-19.790005997001167       5.6039825383408935E-5    0.8288858135349637       0.343091433318825        -0.2847070024518519      -0.7499264108726146
-19.04038455772081        5.312898694955244E-5     0.8453348522776294       0.3213556865842469       -0.2653486828168189      -0.7656055749773358
-18.290763118440452       5.033053610001475E-5     0.8606656196133421       0.29984577510463567      -0.24598408640070007     -0.7800326983333438
-17.541141679160077       4.764447283479579E-5     0.8749159070824954       0.2786425474868497       -0.22715945875959914     -0.7934888686152965
-16.791520239879723       4.507079715389568E-5     0.8881259408628382       0.2578224426945098       -0.20870869108687676     -0.8065414117405372
-16.041898800599352       4.26095090573143E-5      0.9003378848430701       0.2374574838447645       -0.19010523132680837     -0.8188731780631636
-15.29227736131899        4.0260608545051736E-5    0.9115953621952572       0.2176153027320985       -0.17188680637940826     -0.8298595352154287
-14.542655922038618       3.8024095617107934E-5    0.9219429970632633       0.19835919151169443      -0.15480186222567188     -0.8400075731676372
-13.793034482758246       3.589997027348291E-5     0.9314259776469772       0.17974817801243803      -0.13831515185725812     -0.8499773317685616
-13.043413043477889       3.388823251417672E-5     0.9400896416523684       0.16183712121589428      -0.12187233585998236     -0.8592553766343671
-12.29379160419753        3.1988882339189314E-5    0.9479790847962988       0.14467682352869554      -0.10610340446034737     -0.8673970098377073
-11.544170164917158       3.0201919748520652E-5    0.955138792803172        0.12831415658821416      -0.09140348995009762     -0.8749289708532328
-10.7945487256368         2.8527344742170818E-5    0.9616122971080927       0.11279219747161456      -0.07729807914515513     -0.8821276704104958
-10.044927286356428       2.6965157320139738E-5    0.9674418542880465       0.09815037232337473      -0.06375935725977228     -0.8887245101419494
-9.29530584707607         2.5515357482427475E-5    0.9726681490781732       0.08442460457328031      -0.051218363239624365    -0.8948501606946282
-8.545684407795697        2.4177945229033966E-5    0.9773300206937575       0.0716474650830003       -0.039562043725585916    -0.9007474551554768
-7.796062968515327        2.295292055995925E-5     0.981464212069012        0.05984832173259108      -0.028540430057571203    -0.9062153360491901
-7.0464415292349685       2.1840283475203347E-5    0.9851051415399161       0.049053486136431956     -0.018370046668768236    -0.9111527721419598
-6.296820089954597        2.0840033974766204E-5    0.9882846964388423       0.039286355359605174     -0.009261753698350028    -0.915716533300475
-5.547198650674225        1.9952172058647848E-5    0.9910320480319538       0.030567546689110103     -0.0011428424103208101   -0.9198554129446762
-4.797577211393866        1.91766977268483E-5      0.9933734872146959       0.022915023698349184     0.006060485833960627     -0.9234689878969836
-4.047955772113495        1.8513610979367523E-5    0.9953322803844168       0.016344212027197186     0.012313240015082216     -0.9267664037886604
-3.2983343328331367       1.7962911816205543E-5    0.9969285449303722       0.010868103482931879     0.01756010356698405      -0.9300333809178497
-2.5487128935527648       1.7524600237362347E-5    0.9981791438182666       0.006497347248912988     0.021827171075762264     -0.9332285210848935
-1.7990914542723926       1.7198676242837932E-5    0.9990975987970813       0.003240327167915502     0.025161768291434516     -0.9360007116906519
-1.049470014992035        1.698513983263231E-5     0.9996940218183461       0.0011032242453077323    0.02744427421380785      -0.9381985286804099
-0.299848575711677        1.6883991006745474E-5    0.9999750643301906       9.006369392276781E-5     0.02856846658177764      -0.9401179132604423
0.449772863568695         1.689522976517742E-5     0.9999438841885342       2.0274601766792633E-4    0.028663019694120828     -0.9419233385837182
1.1993943028490528        1.701885610792816E-5     0.9996001300135987       0.0014410618049345847    0.02775427316497954      -0.9433749386220085
1.949015742129425         1.7254870034997685E-5    0.9989399429095733       0.0038026900760916305    0.025672600441475846     -0.944476765670672
2.6986371814097825        1.7603271546385987E-5    0.9979559755567188       0.007283180202173001     0.022487048306698454     -0.9455399237136046
3.448258620690155         1.806406064209309E-5     0.9966374287764511       0.01187591758473594      0.018342661165491825     -0.9464587040029995
4.197880059970527         1.8637237322118982E-5    0.9949701057589968       0.017572073460227516     0.01305266269134614      -0.9468724908379508
4.947501499250884         1.9322801586463648E-5    0.9929364842280444       0.0243605393664328       0.006566498720343872     -0.9468450353720904
5.697122938531243         2.0120753435127093E-5    0.9905158068954427       0.03222784698406489      -7.566660752331977E-4    -0.9465646729308083
6.446744377811615         2.1031092868109347E-5    0.9876841906293964       0.04115807424354023      -0.00891528946728401     -0.9458845368886343
7.196365817091972         2.2053819885410364E-5    0.9844147548198325       0.05113273876565533      -0.018426555277117673    -0.9447269484237493
7.945987256372344         2.318893448703019E-5     0.980677769472641        0.062130679885247675     -0.029334001243149166    -0.9432722375868187
8.695608695652718         2.443643667296881E-5     0.9764408235984318       0.07412793068886941      -0.041034151013840336    -0.9414353327428517
9.445230134933075         2.5796326443226185E-5    0.9716690144793444       0.08709758168074194      -0.0533485695497522      -0.9388815785155031
10.194851574213446        2.7268603797802376E-5    0.9663251583974429       0.10100963787526876      -0.06676784217971532     -0.9356839411272692
10.944473013493804        2.885326873669732E-5     0.9603700233885232       0.11583087129843278      -0.08144626303822979     -0.932175842081676
11.694094452774177        3.0550321259911086E-5    0.953762584543992        0.13152467106357335      -0.09697423998328572     -0.9281827701727053
12.443715892054534        3.235976136744361E-5     0.9464603023192444       0.14805089336805044      -0.11323862541901003     -0.9232788494898944
13.193337331334892        3.428158905929492E-5     0.9384194242181083       0.1653657139347188       -0.13048965136516566     -0.9175858982668867
13.942958770615265        3.6315804335465054E-5    0.9295953101081245       0.1834214855941499       -0.14863978250647508     -0.9113768146588397
14.692580209895636        3.846240719595396E-5     0.9199427812794397       0.20216660386812446      -0.16742115895445264     -0.904351005825317
15.442201649175997        4.0721397640761625E-5    0.9094164931899773       0.22154538356972353      -0.18689374190956587     -0.8961955907807434
16.191823088456367        4.309277566988812E-5     0.8979713316405497       0.2414979495777071       -0.20711604244109982     -0.8871596204592487
16.941444527736724        4.5576541283333346E-5    0.8855628318952666       0.2619601450699225       -0.22791656873617927     -0.8774061333822536
17.691065967017096        4.8172694481097425E-5    0.8721476200048384       0.28286346060898704      -0.24929586096813433     -0.8666415169440356
18.440687406297467        5.088123526318028E-5     0.8576838753034366       0.30413498756005475      -0.2713167811116182      -0.8546967147967254
19.190308845577825        5.370216362958188E-5     0.8421318127343327       0.3256973993813823       -0.2936942100997183      -0.841669381953749
19.9399302848582          5.6635479580302305E-5    0.8254541833167007       0.34746896435985986      -0.3161691325860132      -0.8275342154157517
20.68955172413857         5.9681183115341534E-5    0.8076167906974163       0.3693635933615829       -0.3388789795939538      -0.812203278702624
21.439173163418925        6.283927423469948E-5     0.788589021339541        0.3912909261278732       -0.3618968959463244      -0.7956845876633963
22.1887946026993          6.610975293837627E-5     0.7683443854862951       0.41315645956566216      -0.38497775776195997     -0.7778970161846486
22.938416041979657        6.949261922637179E-5     0.7468610656090549       0.434861721353727        -0.40796878686510185     -0.7587021635014818
23.68803748126003         7.298787309868616E-5     0.7241224686043242       0.45630449200887546      -0.43091730569808906     -0.738123679348268
24.43765892054039         7.659551455531927E-5     0.7001177775525369       0.47737907832485127      -0.4537440359388275      -0.7162480263677689
25.187280359820747        8.031554359627114E-5     0.6748424983963326       0.497976640807967        -0.4761842915226071      -0.6930748203568693
25.93690179910113         8.414796022154195E-5     0.6482989964438526       0.5179855773839234       -0.49802308148054797     -0.6685760827604145
26.68652323838152         8.809276443113154E-5     0.6204970171605146       0.5372919652372181       -0.5192300702325772      -0.6427094105076837
27.43614467766189         9.214995622503985E-5     0.5914541852881549       0.5557800621658355       -0.5398412152502167      -0.6154032942723735
28.18576611694226         9.631953560326698E-5     0.5611964759317901       0.5733328682879508       -0.5597319221024453      -0.5866591418357333
28.935387556222647        1.0060150256581293E-4    0.529758650890293        0.5898327483236636       -0.5786238984144437      -0.5565900622525095
29.685008995503033        1.0499585711267771E-4    0.4971846531875022       0.6051621139935675       -0.5963421582086614      -0.5253036171261565
30.434630434783404        1.0950259924386118E-4    0.4635279524946664       0.6192041653285926       -0.6128817176932835      -0.4928075364873288
31.18425187406378         1.1412172895936345E-4    0.4288518339338959       0.6318436888747551       -0.628185702739089       -0.459058778129162
31.93387331334416         1.1885324625918459E-4    0.39322962262609223      0.642967909906029        -0.6420502531918607      -0.4240998526568527
32.68349475262455         1.2369715114332453E-4    0.35674483630624193      0.6524673948339463       -0.6542761751668609      -0.38809756525465927
33.43311619190492         1.286534436117832E-4     0.31949125838472947      0.6602369990305549       -0.664781887544268       -0.3511819438806818
34.182737631185304        1.337221236645607E-4     0.28157292399566847      0.6661768542705921       -0.673549964879495       -0.31336136733374165
34.93235907046568         1.3890319130165692E-4    0.24310401185222796      0.6701933889592322       -0.6804823804710998      -0.27471681375807244
35.68198050974607         1.4419664652307203E-4    0.2042086351335976       0.6722003732555083       -0.6853370735885711      -0.2354827853460813
36.43160194902644         1.496024893288058E-4     0.1650205251670618       0.6721199801420059       -0.6879143304385222      -0.19580183999419215
37.181223388306826        1.551207197188585E-4     0.12568260234848763      0.6698838524440234       -0.6882471977237629      -0.1556498607066462
37.930844827587215        1.6075133769322998E-4    0.08634642957115449      0.665434164783027        -0.6864173430746766      -0.11511168621192161
38.68046626686758         1.6649434325192018E-4    0.04717154440993915      0.6587246684783314       -0.6822937094679035      -0.07447517821348854
39.43008770614795         1.723497363949291E-4     0.008324667437195399     0.6497217065074916       -0.6756970505801885      -0.03400556385959766
40.179709145428326        1.7831751712225685E-4    -0.030021214672284746    0.6384051848209236       -0.6666637179406776      0.006133204697105876
40.92933058470871         1.8439768543390353E-4    -0.06768789116054721     0.6247694856019683       -0.6552696064078558      0.04576251442950302
41.67895202398911         1.9059024132986904E-4    -0.10449309267163873     0.6088243074927271       -0.6413862116958223      0.08471677524427862
42.42857346326949         1.9689518481015317E-4    -0.14025177683979337     0.59059541739176         -0.6248895949516802      0.1228907030815207
43.17819490254984         2.0331251587475593E-4    -0.17477752879299552     0.5701252981952581       -0.6058998137313921      0.16009076065162467
43.92781634183023         2.0984223452367775E-4    -0.20788406945532376     0.5474736768213762       -0.5845874602220619      0.19600305898644785
44.67743778111062         2.1648434075691837E-4    -0.23938686251844865     0.522717917049698        -0.5609697415647891      0.23039901741127244
45.42705922039101         2.2323883457447778E-4    -0.2691048088788461      0.4959532621447147       -0.5350437528916678      0.26315622182791565
46.176680659671376        2.3010571597635585E-4    -0.2968620152301673      0.4672929129319354       -0.5069045132434351      0.2940675803701827
46.92630209895175         2.3708498496255266E-4    -0.3224896213906087      0.43686792797351764      -0.47667808859357125     0.32287241652861187
47.675923538232134        2.441766415330685E-4     -0.3458276688674554      0.4048269337594636       -0.4445212674453673      0.349430857511215
48.4255449775125          2.513806856879029E-4     -0.3667269911528451      0.3713356343990784       -0.41065593262065325     0.373647506026986
49.17516641679289         2.5869711742705626E-4    -0.3850511043465681      0.336576112169577        -0.37526125881818634     0.3953072373977585
49.92478785607328         2.661259367505284E-4     -0.4006780749563035      0.3007459124534686       -0.33842826940019466     0.4141749274653368
50.67440929535365         2.736671436583192E-4     -0.4135023401776575      0.26405690906689033      -0.30033992583078784     0.4301585929403675
51.42403073463402         2.813207381504288E-4     -0.4234364546514211      0.22673394873475763      -0.26135554697720453     0.44321058041503814
52.17365217391441         2.8908672022685735E-4    -0.43041273667980645     0.18901327648575328      -0.22178831906906463     0.4531716270123419
52.923273613194795        2.969650898876047E-4     -0.43438478620242793     0.1511407469946139       -0.18175651197907636     0.45987714000387947
53.672895052475184        3.0495584713267074E-4    -0.4353288465305884      0.11336983035703779      -0.14140698746514532     0.4633294597903875
54.422516491755545        3.130589919620554E-4     -0.43324498195626177     0.07595942440304587      -0.10112375418922936     0.46360556015888443
55.17213793103591         3.2127452437575893E-4    -0.4281580439277382      0.039171489389263396     -0.06133301845797551     0.46068055916638495
55.92175937031631         3.2960244437378155E-4    -0.4201183995498157      0.003268524704164756     -0.022260421052584564    0.4545027547052818
56.6713808095967          3.380427519561228E-4     -0.4092023977492145      -0.031489088989560876    0.01591844564690032      0.4451446463967459
57.421002248877066        3.4659544712278275E-4    -0.3955125505646345      -0.06484585503290036     0.05285512311741658      0.4327196060827099
58.17062368815744         3.5526052987376144E-4    -0.37917740968610936     -0.09655400275300927     0.08816864144443455      0.41727415914833804
58.920245127437816        3.6403800020905897E-4    -0.36035112158077487     -0.1263763720853022      0.12164331621990734      0.39891167786139714
59.6698665667182          3.7292785812867543E-4    -0.3392126482918496      -0.1540893037258445      0.1531086860570526       0.37787344482229707
60.4194880059986          3.8193010363261085E-4    -0.3159646452628369      -0.17948549504854447     0.1822962800917187       0.3543906546867464
61.169109445278956        3.910447367208645E-4     -0.2908319922854432      -0.2023767798372867      0.2089399242830785       0.32862785181891196
61.91873088455934         4.0027175739343725E-4    -0.2640599788503241      -0.22259678825207724     0.23284697820350542      0.30082372013280667
62.66835232383973         4.09611165650329E-4      -0.2359121507340145      -0.2400034424489811      0.2538120684459897       0.2713050693825018
63.417973763120095        4.190629614915392E-4     -0.2066678305092835      -0.2544812429787606      0.2716278152151578       0.24035291199053332
64.16759520240049         4.2862714491706847E-4    -0.17661933073299335     -0.26594330156327645     0.2861971455028793       0.20821770775868095
64.91721664168087         4.3830371592691624E-4    -0.146068884745778       -0.27433307714695093     0.2974970994948767       0.17523471006738647
65.66683808096123         4.4809267452108285E-4    -0.11532532620082578     -0.279625774285181       0.3054571116773073       0.14178565273775953
66.41645952024162         4.5799402069956845E-4    -0.08470055450401971     -0.281829365990659       0.30998853481961536      0.10819817906998151
67.16608095952199         4.6800775446237256E-4    -0.05450582916537122     -0.28098520712369957     0.3110931664854796       0.07478158809595789
67.91570239880238         4.78133875809496E-4      -0.02504794149704806     -0.2771682092769665      0.3088591512564205       0.04189157536925295
68.66532383808277         4.883723847409377E-4     0.003374682992541067     -0.270486553841765       0.3033959682628449       0.009885180623964207
69.41494527736312         4.98723281256698E-4      0.030475893905768242     -0.2610809265042117      0.2948282644277076       -0.020925189387652088
70.16456671664352         5.091865653567778E-4     0.05598567590541574      -0.24912326373503138     0.2833131718191542       -0.05022635445369572
70.9141881559239          5.19762237041176E-4      0.0796538957217061       -0.23481500981373446     0.26903192995728475      -0.07767577225657374
71.6638095952043          5.304502963098933E-4     0.10125387115523891      -0.21838489145140558     0.2521970331956527       -0.10296501146860361
72.41343103448465         5.412507431629288E-4     0.12058569669667515      -0.20008622600945108     0.2330780825990031       -0.1258719497915601
73.16305247376502         5.521635776002831E-4     0.13747926131593946      -0.18019378849714035     0.21198281867524152      -0.14622148288961348
73.91267391304541         5.631887996219568E-4     0.1517968962254546       -0.15900027179291984     0.18920994349357648      -0.16383449048612397
74.66229535232578         5.743264092279488E-4     0.16343559403901542      -0.13681238368173332     0.16505776041982892      -0.17853947682939317
75.41191679160619         5.855764064182601E-4     0.17232874574835408      -0.11394663312890832     0.13987010374869518      -0.19020718328452163
76.16153823088653         5.969387911928896E-4     0.17844734831057252      -0.0907248665079438      0.11403284413355541      -0.19876777058692746
76.91115967016691         6.08413563551838E-4      0.18180064333591078      -0.06746962204798829     0.08792895480464456      -0.20421495245654256
77.66078110944731         6.200007234951057E-4     0.18243615630662427      -0.044499377351448044    0.061918246698843764     -0.206591306515203
78.41040254872769         6.317002710226917E-4     0.18043911582862093      -0.022123770243670435    0.03634822139464823      -0.20596055418282205
79.16002398800806         6.435122061345968E-4     0.17593124346686959      -6.388772584289618E-4    0.011562480224219886     -0.20240173066581751
79.90964542728845         6.554365288308203E-4     0.16906891655796882      0.019677363443405767     -0.01210701422260569     -0.19603514088241852
80.65926686656881         6.674732391113628E-4     0.16004071881052137      0.038569497133040066     -0.0343550053106375      -0.18704599138811362
81.40888830584922         6.796223369762244E-4     0.14906440624846468      0.055808578995626794     -0.05491042394387244     -0.1756741573167709
82.15850974512958         6.918838224254043E-4     0.13638332885114027      0.07119579842641174      -0.07352935876372578     -0.16218766855359334
82.90813118440997         7.042576954589035E-4     0.12226236080325151      0.08456562243862353      -0.08998630422864806     -0.1468794253699024
83.65775262369034         7.16743956076721E-4      0.10698340428048567      0.09578838634625875      -0.10408644000052014     -0.13007448679569675
84.4073740629707          7.293426042788571E-4     0.09084054284785718      0.10477226866215233      -0.11569197833300951     -0.11210755007532652
85.1569955022511          7.420536400653127E-4     0.07413493052419251      0.11146459774056564      -0.12472199103533463     -0.09329415504512464
85.90661694153147         7.548770634360867E-4     0.05716951106323011      0.11585244994166481      -0.13112323883370963     -0.0739464543407103
86.65623838081189         7.678128743911797E-4     0.04024366873364665      0.11796251279787853      -0.1348675409687563      -0.054408363070315255
87.40585982009223         7.80861072930591E-4      0.02364791658842092      0.11786020156398117      -0.13599145363805723     -0.035047770241981746
88.15548125937262         7.940216590543216E-4     0.007658730676283896     0.11564803333145458      -0.13461435507655448     -0.01621133166210921
88.905102698653           8.072946327623707E-4     -0.007466361312004392    0.11146327923882393      -0.13089803769201877     0.0018012674663958686
89.65472413793337         8.206799940547386E-4     -0.021493330975721706    0.10547493183347485      -0.12500554612226708     0.018720744791766934
90.40434557721376         8.341777429314257E-4     -0.03421573884229943     0.09788004093007407      -0.11711655118835096     0.034282668957216024
91.15396701649412         8.47787879392431E-4      -0.0454582695591088      0.08889948694190224      -0.1074622538945256      0.048236322241136734
91.90358845577454         8.615104034377559E-4     -0.055079629737772993    0.07877327520343674      -0.0963187853530041      0.06038148582927399
92.6532098950549          8.753453150673988E-4     -0.06297473818530004     0.06775544783023173      -0.0839747411304717      0.07058074029777593
93.40283133433526         8.892926142813603E-4     -0.06907615305537806     0.05610872076843888      -0.07072078114498252     0.07873502697915279
94.15245277361565         9.033523010796415E-4     -0.07335469712334791     0.044098962495377814     -0.056859159454979574    0.08477321786714842
94.90207421289603         9.175243754622408E-4     -0.07581926056965238     0.031989637012605945     -0.042703844792217005    0.08867312259947151
95.65169565217643         9.318088374291596E-4     -0.07651577992768951     0.020036337048916837     -0.028565589654841694    0.09046999676790811
96.4013170914568          9.462056869803966E-4     -0.07552541173948724     0.008481533555796984     -0.014736959287913257    0.09023861859071733
97.15093853073715         9.607149241159522E-4     -0.07296193945179763     -0.0024503354962915067   -0.0014897662661351521   0.08808362637608567
97.90055997001757         9.753365488358272E-4     -0.0689684716333901      -0.012557320367107104    0.010921075581427003     0.08414711488233628
98.65018140929793         9.900705611400205E-4     -0.0637135081457907      -0.021663851771165022    0.02226327730559804      0.07861045816602333
99.3998028485783          0.001004916961028533     -0.05738646790193921     -0.029623975671187346    0.032340310014790305     0.07168499717158223
100.1494242878587         0.001019875748501364     -0.05019278676825435     -0.03632385173191298     0.04099692603071628      0.06360249963205249
100.89904572713905        0.0010349469235585136    -0.042348706511558885    -0.041683454516483094    0.04811700235030622      0.054609084044543135
101.64866716641946        0.0010501304861999829    -0.03407588502509343     -0.04565743656067167     0.05362175208333449      0.04496207864107066
102.39828860569982        0.0010654264364257696    -0.025595964021709428    -0.04823513406445447     0.057470042185152545     0.03492672703681891
103.14791004498021        0.001080834774235876     -0.017125232679269093    -0.0494397185164694      0.05966278453264008      0.024767345553343697
103.89753148426057        0.0010963554996303011    -0.008869524186337057    -0.049326520482401284    0.06024716961479497      0.01473697425009804
104.64715292354096        0.0011119886126090446    -0.0010194767000412594   -0.04798057437564408     0.0593086222146628       0.005072978633950894
105.39677436282135        0.0011277341131721078    0.006253719053733637     -0.04551345460504753     0.05695787991354774      -0.0040056405643789685
106.14639580210171        0.0011435920013194887    0.012801976258321255     -0.042059493384032726    0.05333322688041195      -0.012303942471939795
106.89601724138213        0.0011595622770511898    0.018503279603383424     -0.037771488041028915    0.04860780843331925      -0.019656065212671936
107.64563868066249        0.0011756449403672086    0.02326389031522237      -0.032816020298308046    0.04297838830213628      -0.025929805474515788
108.39526011994288        0.0011918399912675464    0.027019736633785457     -0.02736852116447118     0.036647702165622256     -0.031030648196217363
109.14488155922324        0.0012081474297522025    0.02973696125337671      -0.02160822238980464     0.029824071733893683     -0.03489861392686011
109.89450299850361        0.0012245672558211778    0.03141162185090293      -0.01571313855162409     0.022725841423754        -0.03750413053937244
110.644124437784          0.0012410994694744724    0.03206856577701488      -0.009855222585554144    0.015570214607583677     -0.038854657651935125
111.39374587706439        0.0012577440707120852    0.0317595244896093       -0.004195831915470071    0.008558485398978948     -0.03899893357582899
112.14336731634477        0.0012745010595340172    0.030560496566353974     0.0011183676364884343    0.0018744147809585205    -0.03801505161032792
112.89298875562514        0.0012913704359402676    0.028568509364311656     0.005958947005225973     -0.004313242221440633    -0.03600141522283527
113.64261019490552        0.0013083521999308367    0.025897867870424078     0.010218612633473536     -0.009855891178565302    -0.03308395268480565
114.3922316341859         0.0013254463515057248    0.022676014353316086     0.013813384157518727     -0.014633603375527177    -0.029416718432950486
115.14185307346627        0.0013426528906649315    0.019039133534142008     0.016683999646774677     -0.018559733152014566    -0.025163633988432667
115.89147451274667        0.001359971817408458     0.015127644717668488     0.018796522009820325     -0.02157919159362671     -0.02048714352308633
116.64109595202704        0.0013774031317363021    0.011081724385688465     0.02014214605500824      -0.02366349761846507     -0.015556570483463464
117.39071739130739        0.0013949468336484647    0.0070370000346521395    0.020736231569906047     -0.024811398001337505    -0.010549223902867853
118.1403388305878         0.0014126029231449472    0.0031205485888835018    0.020616612762563963     -0.025054502740942793    -0.00563177893005091
118.88996026986815        0.0014303714002257479    -5.52679237140679E-4     0.019841257606820463     -0.024454889457536228    -9.489288947785099E-4
119.63958170914856        0.0014482522648908678    -0.003882903327902483    0.018485371221272022     -0.023093450036760502    0.003369506751860896
120.38920314842893        0.0014662455171403062    -0.0067879416485851      0.016638054637609607     -0.021065310999280093    0.007206169060943433
121.13882458770931        0.0014843511569740632    -0.00920495767848406     0.014398643542777676     -0.01848644633966952     0.010467129516096357
121.8884460269897         0.0015025691843921398    -0.01109148924274216     0.011872860315688757     -0.015491012817613248    0.013089264231566498
122.63806746627007        0.0015208995993945343    -0.012425745950767213    0.009168916591173915     -0.012212842651438117    0.01503558841000589
123.38768890555048        0.0015393424019812482    -0.013206188434537334    0.006393702519472239     -0.008777876287250222    0.016289369956925186
124.13731034483082        0.00155789759215228      -0.013450427818318315    0.0036491928864039644    -0.005314847866488967    0.01685713518176348
124.88693178411121        0.0015765651699076314    -0.013193507393096104    0.0010291895466632791    -0.0019537509353237436   0.016773117691772182
125.63655322339159        0.0015953451352473014    -0.01248564942248323     -0.0013834953843758116   0.0011924939727330974    0.01609413305613895
126.38617466267198        0.0016142374881712906    -0.011389567575609395    -0.003519329848833892    0.004033712568935432     0.014890828532221225
127.13579610195235        0.0016332422286795983    -0.009977458999682314    -0.005323761625132441    0.006493228678339928     0.013245304113161398
127.88541754123274        0.0016523593567722241    -0.008327799002554079    -0.006758287307131988    0.008507518914460598     0.011252240630233683
128.6350389805131         0.0016715888724491686    -0.006522065388048143    -0.0078008751690517      0.010036257473649515     0.00901567137763434
129.3846604197935         0.0016909307757104334    -0.004641518546491189    -0.008445751703838919    0.011064384460429665     0.0066403152018200545
130.13428185907387        0.0017103850665560157    -0.002764157528281109    -0.008702585872639296    0.011594628248895775     0.00422481646314137
130.88390329835426        0.0017299517449859182    -9.61961802567701E-4     -0.008595127526518524    0.011645037892964108     0.0018618238485397691
131.63352473763462        0.0017496308110001378    7.014862960147542E-4     -0.00815937616089139     0.011252508738531664     -3.61127735214335E-4
132.38314617691503        0.001769422264598677     0.0021729216489212145    -0.0074413723565958855   0.010471401873652017     -0.0023667325203937596
133.13276761619537        0.0017893261057815343    0.003410803117770732     -0.0064947163185564965   0.009366620600185        -0.004095291649058896
133.88238905547576        0.0018093423345487112    0.004386173885938474     -0.005377925392560788    0.008008393986677057     -0.005505209154839558
134.63201049475617        0.0018294709509002077    0.0050829658268589555    -0.004151745072481691    0.0064713027394684725    -0.006567601263299378
135.38163193403653        0.0018497119548360212    0.005497761696100287     -0.0028765257665895588   0.0048335396389500036    -0.007266616799212198
136.1312533733169         0.0018700653463561544    0.005639051081880566     -0.0016097706496756188   0.003172372067991309     -0.007605537519352905
136.8808748125973         0.001890531125460607     0.005526036033526176     -4.039486721614917E-4    0.0015585348001210956    -0.007605791764946057
137.63049625187767        0.0019111092921493768    0.0051870592814929764    6.95348197271141E-4      5.4015092266792436E-5    -0.007298451792330419
138.38011769115803        0.0019317998464224665    0.0046577412713341175    0.001650842414808289     -0.0012878309676748782   -0.006721228708471388
139.1297391304384         0.001952602788279874     0.00397892133818816      0.002434562039906545     -0.002423680757983886    -0.005922885209162872
139.8793605697188         0.0019735181177216016    0.0031945029281508458    0.003028366008542613     -0.0033235187191779456   -0.0049620100826368325
140.62898200899917        0.0019945458347476472    0.002349302722310647     0.0034240053537022124    -0.003971475856495668    -0.003897179709798094
141.37860344827956        0.0020156859393580116    0.0014869989502549576    0.003622742909370438     -0.00436333731648715     -0.002782430713035338
142.12822488755995        0.0020369384315526953    6.482654158715868E-4     0.0036345729704262636    -0.004505298971956407    -0.0016714211466092885
142.87784632684034        0.002058303311331698     -1.3083468302752498E-4   0.0034770987286086748    -0.004414852973047527    -6.170431294450589E-4
143.6274677661207         0.002079780578695018     -8.201364930607723E-4    0.0031741383618877823    -0.004120246808025089    3.365768908787849E-4
144.37708920540106        0.002101370233642658     -0.001396301761147297    0.0027541398907727603    -0.003656749699842648    0.0011574686013884426
145.12671064468142        0.002123072276174616     -0.0018433654414530222   0.0022484899964464694    -0.0030625350516512396   0.0018208213371692667
145.87633208396187        0.002144886706290894     -0.0021528976751231358   0.0016898027993848045    -0.0023781752489314533   0.002307587328850638
146.6259535232422         0.00216681352399149      -0.002323796719149877    0.0011102712153683695    -0.0016469415060681887   0.002610826568127215
147.37557496252262        0.002188852729276406     -0.002361745426892466    5.40156237978889E-4      -9.109725536428968E-4    0.002736949242275847
148.12519640180295        0.002211004322145638     -0.002278378583349915    6.478831406550784E-6     -2.070821214619639E-4    0.002698408587835472
148.87481784108334        0.002233268302599191     -0.002090220113786158    -4.6803429565019376E-4   4.3294428860638466E-4    0.0025109881392369987
149.6244392803637         0.0022556446706370626    -0.0018174574250021875   -8.657151507032473E-4    9.816772718945054E-4     0.002198036869628231
150.37406071964412        0.002278133426259252     -0.001482624607366029    -0.0011744097723105779   0.001418988696256571     0.0017899477217940942
151.12368215892448        0.002300734569465761     -0.0011092668304812047   -0.0013876217484187076   0.0017341982109123064    0.0013180126911315352
151.87330359820487        0.002323448100256589     -7.206551198601409E-4    -0.0015043573656561549   0.0019237717193320437    8.121282575058264E-4
152.62292503748515        0.002346274018631733     -3.386141156166531E-4    -0.0015287004255081754   0.0019889335464626902    3.0220354883333904E-4
153.37254647676554        0.0023692123245911984    1.748412879230035E-5     -0.0014691571878242134   0.0019371727862187178    -1.8333713625072977E-4
154.12216791604584        0.0023922630181349804    3.315191207250573E-4     -0.001337821568377775    0.0017833444281173975    -6.209874098664277E-4
154.87178935532623        0.002415426099263082     5.911859522878597E-4     -0.001149417219472199    0.001546141804838411     -9.926383891308299E-4
155.6214107946066         0.002438701567975504     7.88310909716525E-4      -9.202762421472787E-4    0.0012453702768090537    -0.0012845190435721203
156.3710322338869         0.002462089424272242     9.189194427913056E-4     -6.673139912512739E-4    9.03483493454374E-4      -0.0014885202150778077
157.12065367316728        0.002485589668153301     9.830707028384892E-4     -4.070559072187731E-4    5.445374676914703E-4     -0.001602983123841042
157.8702751124476         0.002509202299618677     9.844847754788874E-4     -1.547658837370882E-4    1.89487849717091E-4      -0.0016303025432981917
158.61989655172798        0.002532927318668374     9.299985364536331E-4     7.628314695662812E-5     -1.4442349935680888E-4   -0.0015763601457982335
159.36951799100834        0.002556764725302389     8.288932902497017E-4     2.7536634663440996E-4    -4.4089128181175563E-4   -0.001452638118719112
160.11913943028867        0.002580714519520721     6.921417224576462E-4     4.34673471779061E-4      -6.858935329399377E-4    -0.0012747775296476065
160.86876086956903        0.002604776701323374     5.316230961908007E-4     5.494784767610153E-4     -8.713856621300294E-4    -0.001058116956646069
161.61838230884942        0.002628951270710346     3.5935411752079403E-4    6.18117686998252E-4      -9.943868488449946E-4    -8.171989871805091E-4
162.36800374812972        0.0026532382276816344    1.8677872053233564E-4    6.417927226921044E-4     -0.0010544607501059748   -5.682512129992819E-4
163.11762518741006        0.0026776375722372433    2.4153563878135032E-5    6.242234669408573E-4     -0.0010549320367363244   -3.2756912152099254E-4
163.86724662669047        0.0027021493043771715    -1.1994220750059228E-4   5.711834270245915E-4     -0.001003416993624368    -1.0779255287784851E-4
164.61686806597078        0.0027267734241014164    -2.3895380957514707E-4   4.899545211610612E-4     -9.089087730387163E-4    8.170181449364565E-5
165.36648950525117        0.002751509931409982     -3.285451311779476E-4    3.887404807786906E-4     -7.808021251318367E-4    2.3301682919626347E-4
166.11611094453147        0.0027763588263028656    -3.8664126229122716E-4   2.760776985895083E-4     -6.309208763415137E-4    3.41034060541863E-4
166.86573238381183        0.0028013201087800682    -4.133291958995231E-4    1.6027963939183588E-4    -4.724945152007097E-4    4.052063634763616E-4
167.6153538230922         0.0028263937788415893    -4.1063464441608283E-4   4.894616662790096E-5     -3.160246344652278E-4    4.281116785008214E-4
168.36497526237258        0.0028515798364874296    -3.8219924520052336E-4   -5.1437259529988594E-5   -1.696204459728256E-4    4.13096245507493E-4
169.11459670165289        0.002876878281717588     -3.328868108559772E-4    -1.3579308750972738E-4   -4.2439146347066645E-5   3.652126617589708E-4
169.86421814093322        0.002902289114532065     -2.683495472268657E-4    -2.006285754629124E-4    5.757512222824809E-5     2.92593947097768E-4
170.6138395802136         0.0029278123349308622    -1.9458529852220616E-4   -2.440949286785383E-4    1.2801053825198022E-4    2.0410972171187083E-4
171.36346101949394        0.002953447942913977     -1.1751500740181468E-4   -2.6593516414943007E-4   1.6949416998703623E-4    1.070870678928056E-4
172.1130824587743         0.0029791959384814107    -4.2605945780329124E-5   -2.673338785338442E-4    1.815369362846991E-4     8.62984284674902E-6
172.86270389805466        0.003005056321633164     2.543877022327921E-5     -2.5068743836584697E-4   1.6490853472304393E-4    -8.310169557521992E-5
173.61232533733502        0.0030310290923692357    8.290989580323355E-5     -2.193168439465356E-4    1.250311891294186E-4     -1.6105608929781358E-4
174.36194677661535        0.0030571142506896254    1.272330652892472E-4     -1.7714749684062683E-4   6.856616610132639E-5     -2.2172802499917317E-4
175.11156821589574        0.0030833117965943357    1.570197458382602E-4     -1.2838030817830182E-4   -3.9198460681307717E-7   -2.6342460168495436E-4
175.86118965517605        0.0031096217300833626    1.7203297692173036E-4    -7.717712558630004E-5    -7.692917401580289E-5    -2.839462869527446E-4
176.6108110944564         0.0031360440511567097    1.7307812129857853E-4    -2.7380543331408384E-5   -1.531586058270435E-4    -2.825971860820961E-4
177.3604325337368         0.0031625787598143756    1.6183312240156778E-4    1.771590631490726E-5     -2.2330733351779157E-4   -2.6190622929776975E-4
178.1100539730171         0.003189225856056358     1.4063569709945426E-4    5.55360398722526E-5      -2.8574730243001206E-4   -2.2520389180088611E-4
178.8596754122975         0.0032159853398826626    1.1224638039693807E-4    8.432189967197436E-5     -3.3808323189718915E-4   -1.7508271531038006E-4
179.60929685157782        0.003242857211293284     7.960637802200074E-5     1.0316658260682958E-4    -3.760478350593711E-4    -1.1537765766964635E-4
180.35891829085816        0.003269841470288224     4.560787570162125E-5     1.1198325552689E-4       -3.983748932982763E-4    -5.167277977742104E-5
181.10853973013852        0.0032969381168674833    1.2891992136292859E-5    1.1141876804305473E-4    -4.070829665621387E-4    1.165693073595534E-5
181.8581611694189         0.0033241471510310617    -1.631379082985357E-5    1.0272350193139429E-4    -4.027197352903409E-4    7.272649416434605E-5
182.6077826086992         0.0033514685727789586    -4.0310822102217396E-5   8.759121333017883E-5     -3.8480557352763283E-4   1.2955023225997544E-4
183.3574040479796         0.003378902382111175     -5.799338429381253E-5    6.798355829667718E-5     -3.5666065335186444E-4   1.7856300244752354E-4
184.10702548725993        0.003406448579027709     -6.886209551271092E-5    4.595376536621751E-5     -3.2399893840898646E-4   2.1784790714778475E-4
184.8566469265403         0.0034341071635285627    -7.299072618810992E-5    2.348263708538474E-5     -2.88521022540528E-4     2.491289599340601E-4
185.60626836582063        0.0034618781356137345    -7.095364539975333E-5    2.337904494215631E-6     -2.49509260189948E-4     2.736764970637452E-4
186.355889805101          0.0034897614952832247    -6.372339673217378E-5    -1.6034843633367462E-5   -2.1086465200125266E-4   2.899122460223147E-4
187.10551124438135        0.0035177572425370346    -5.2549267343534505E-5   -3.0584616668197196E-5   -1.784524121212699E-4    2.970560609232481E-4
187.8551326836617         0.0035458653773751637    -3.882812538713551E-5    -4.0689109627092326E-5   -1.5167732451503422E-4   2.9764865813000695E-4
188.60475412294207        0.003574085899797611     -2.3978305841198165E-5   -4.6151797870061285E-5   -1.2460247121089707E-4   2.948680208467253E-4
189.35437556222237        0.003602418809804376     -9.326036241826623E-6    -4.716615543596244E-5    -9.527531736409884E-5    2.901751839317917E-4
190.10399700150273        0.0036308641073954603    3.988021292733296E-6     -4.425328338667214E-5    -6.82404850898335E-5     2.8594295457708824E-4
190.85361844078312        0.0036594217925708648    1.5076873165499844E-5    -3.8180709924692536E-5   -4.760898075293161E-5    2.8643541027383805E-4
191.60323988006348        0.0036880918653305872    2.334724258719986E-5     -2.9870846261459363E-5   -3.292310665464914E-5    2.930357961813035E-4
192.3528613193438         0.0037168743256746277    2.8511381833497172E-5    -2.030755769926462E-5    -2.1110644274905727E-5   3.012968514603162E-4
193.10248275862418        0.003745769173602989     3.057276434450237E-5     -1.0448604552394049E-5   -9.00585650348665E-6     3.055519621968924E-4
193.85210419790448        0.003774776409115666     2.9789680355568933E-5    -1.1504389719229432E-6   5.719668106946127E-6     3.0534853415751135E-4
194.60172563718484        0.0038038960322126633    2.6622156132096852E-5    6.889835019291022E-6     2.3846889844852536E-5    3.0387513657135926E-4
195.35134707646523        0.003833128042893981     2.1668431898776485E-5    1.3172444939562047E-5    4.492424648422239E-5     3.021000470363205E-4
196.10096851574554        0.003862472441159614     1.5597451453652775E-5    1.7411952312384813E-5    7.012996865705796E-5     2.980841541911343E-4
196.85058995502592        0.0038919292270095697    9.083472903637954E-6     1.953420381038149E-5     1.0199125397145027E-4    2.907249665542256E-4
197.60021139430629        0.003921498400443842     2.748085081723769E-6     1.9655753853547112E-5    1.4010636071922576E-4    2.810921149071272E-4
198.34983283358662        0.003951179961462432     -2.8862776674350956E-6   1.8049502288022284E-5    1.7995632351410564E-4    2.69089347980733E-4
199.09945427286695        0.003980973910065342     -7.428652492702817E-6    1.5101069342643704E-5    2.1741640819842887E-4    2.5263929669850336E-4
199.84907571214737        0.0040108802462525735    -1.0636536570547821E-5   1.1260740578176858E-5    2.5236247715514396E-4    2.3057533203486071E-4
200.59869715142767        0.004040898970024119     -1.2417843989861473E-5   6.9956741693755105E-6    2.8487749984633284E-4    2.0427906543286418E-4
201.34831859070806        0.004071030081379987     -1.2819409994079608E-5   2.7465267211824616E-6    3.126707444067132E-4     1.7568425309649857E-4
202.09794002998837        0.00410127358032017      -1.200463273891767E-5    -1.10819295046743E-6     3.33747289830661E-4      1.436807974951939E-4
202.8475614692687         0.004131629466844674     -1.0223519369801032E-5   -4.27778495291551E-6     3.482160015103422E-4     1.0642782749651692E-4
203.5971829085491         0.004162097740953499     -7.778717521666098E-6    -6.573921114896801E-6    3.568624685448087E-4     6.477158989032613E-5
204.34680434782942        0.004192678402646639     -4.991072605474716E-6    -7.914119784346666E-6    3.5820610360505056E-4    2.1169775304309983E-5
205.0964257871098         0.0042233714519241       -2.167894287613287E-6    -8.315146539473445E-6    3.5075160752889303E-4    -2.2844855123489352E-5
205.84604722639008        0.0042541768887858775    4.234935322258E-7        -7.878158762463562E-6    3.354454411056251E-4     -6.741610634880625E-5
206.59566866567047        0.004285094713231977     2.5751249264729325E-6    -6.767962756053326E-6    3.1416307571158366E-4    -1.1110122900450203E-4
207.34529010495083        0.004316124925262394     4.14975347982517E-6      -5.189024248966199E-6    2.8808569572898315E-4    -1.5145593980078384E-4
208.09491154423117        0.004347267524877129     5.084124773134753E-6     -3.3608698253146533E-6   2.570040623588239E-4     -1.8767328345256878E-4
208.84453298351153        0.004378522512076184     5.3848495125185905E-6    -1.4952666515774458E-6   2.2176082362241896E-4    -2.2025597748394506E-4
209.59415442279192        0.004409889886859557     5.118185203471215E-6     2.228799719881517E-7     1.837882265991638E-4     -2.4924213573263655E-4
210.34377586207222        0.004441369649227247     4.395459483217837E-6     1.6495540759322646E-6    1.439131914558056E-4     -2.727278775130225E-4
211.09339730135258        0.004472961799179259     3.356080062491819E-6     2.6898713980987425E-6    1.025495464934536E-4     -2.9007820170970947E-4
211.84301874063297        0.00450466633671559      2.150076874022044E-6     3.300469162100417E-6     5.988862840443231E-5     -3.016713555555974E-4
212.59264017991325        0.004536483261836236     9.219339261031837E-7     3.4865520651153785E-6    1.7924819011734808E-5    -3.073427417003507E-4
213.34226161919366        0.0045684125745412045    -2.0286986891326808E-7   3.294564194682219E-6     -2.196474106632084E-5    -3.0687946184589196E-4
214.091883058474          0.0046004542748304894    -1.127630524274849E-6    2.801769294564375E-6     -5.937252883622026E-5    -3.000531843393413E-4
214.84150449775436        0.004632608362704094     -1.7900043136340547E-6   2.1041714937765047E-6    -9.394096635100723E-5    -2.883219364404031E-4
215.5911259370347         0.0046648748381620175    -2.1633916024854627E-6   1.304198260520553E-6     -1.2523124446350335E-4   -2.723355577587313E-4
216.34074737631505        0.004697253701204261     -2.2545261055025704E-6   4.994156392684585E-7     -1.5198951381998978E-4   -2.521780721891508E-4
217.09036881559538        0.00472974495183082      -2.098009485401756E-6    -2.2671622184222557E-7   -1.7470667029528038E-4   -2.2834356878699856E-4
217.83999025487574        0.004762348590041699     -1.7487496017504849E-6   -8.113726973956122E-7    -1.9347934038689923E-4   -2.0116304026254308E-4
218.58961169415613        0.004795064615836899     -1.273355093940086E-6    -1.215867642866662E-6    -2.0751417627407656E-4   -1.7199439443499215E-4
219.33923313343644        0.0048278930292164155    -7.415136824923249E-7    -1.4261692451048914E-6   -2.164140739351842E-4    -1.4117453884545015E-4
220.0888545727168         0.004860833830180252     -2.182528630906015E-7    -1.4507732668588261E-6   -2.199908953731833E-4    -1.0924091512939173E-4
220.8384760119972         0.004893887018728408     2.4222517024996876E-7    -1.3165102360257336E-6   -2.189806369077338E-4    -7.73839758789982E-5
221.58809745127752        0.004927052594860881     6.006967832533146E-7     -1.0630063652821311E-6   -2.1323891293962484E-4   -4.671662021321517E-5
222.33771889055785        0.004960330558577673     8.348900556437587E-7     -7.365676098498097E-7    -2.0287653407480318E-4   -1.821393308595076E-5
223.0873403298382         0.0049937209098787835    9.393635344157368E-7     -3.842179565489871E-7    -1.887699446426868E-4    8.025303435374732E-6
223.83696176911857        0.005027223648764214     9.235896036398021E-7     -4.851123155010578E-8    -1.7193643496712542E-4   3.133626912821463E-5
224.58658320839893        0.005060838775233963     8.08695990413707E-7      2.364288489454964E-7     -1.5300641508161688E-4   5.0958504557559615E-5
225.33620464767927        0.00509456628928803      6.234048901510628E-7     4.473788744984387E-7     -1.3223124306512165E-4   6.646869673925001E-5
226.08582608695963        0.005128406190926417     3.9972546529061066E-7    5.729320448275373E-7     -1.1061724976847817E-4   7.835195410185843E-5
226.83544752624           0.0051623584801491216    1.6890866834508795E-7    6.129758284785403E-7     -8.906741961147078E-5    8.673324513520459E-5
227.58506896552032        0.005196423156956145     -4.192372109081406E-8    5.769899998859329E-7     -6.864631359409609E-5    9.107239217693818E-5
228.3346904048007         0.005230600221347489     -2.1219436361084177E-7   4.815206285367192E-7     -4.945198652627023E-5    9.174160923875596E-5
229.08431184408101        0.00526488967332315      -3.291935380125509E-7    3.4722992097336753E-7    -3.192062632106204E-5    8.9207127211869E-5
229.83393328336138        0.0052992915128831294    -3.883154774761191E-7    1.9591538248124098E-7    -1.7283806433760055E-5   8.484635837867969E-5
230.58355472264174        0.00533380574002743      -3.92335706051014E-7     4.784160055043882E-8     -5.6374950419823625E-6   7.892224334786878E-5
231.33317616192213        0.005368432354756047     -3.499491864219435E-7    -8.035477166163218E-8    2.5946368821050197E-6    7.165592564962885E-5
232.08279760120243        0.005403171357068983     -2.738437429126039E-7    -1.770279715348511E-7    8.238176058603682E-6     6.45889041296142E-5
232.83241904048276        0.005438022746966238     -1.785989735763874E-7    -2.3610175164764237E-7   1.1262499593617193E-5    5.8163769503525236E-5
233.58204047976315        0.005472986524447813     -7.868082558169988E-8    -2.569098823057887E-7    1.1256136063219152E-5    5.3551367141089804E-5
234.33166191904348        0.005508062689513705     1.3246912941637248E-8    -2.434246581301902E-7    9.608028425120717E-6     5.0472210718097316E-5
235.08128335832382        0.005543251242163916     8.754130284060475E-8     -2.030538897201708E-7    6.71967373127774E-6      4.9140882867315686E-5
235.8309047976042         0.0055785521823984476    1.382534247261812E-7     -1.4521253454439302E-7   3.983800118855813E-6     5.072917920446367E-5
236.58052623688457        0.0056139655102172975    1.6325605825784963E-7    -7.987278480535125E-8    1.4907430990748927E-6    5.477450481916733E-5
237.33014767616487        0.005649491225620464     1.638912935549799E-7     -1.6270018327023187E-8   -2.6385229248812166E-7   6.15307505836969E-5
238.0797691154453         0.005685129328607953     1.4425205284428212E-7    3.81021338984512E-8      3.3983805618671115E-7    6.974509223432457E-5
238.8293905547256         0.005720879819179758     1.1023956040342483E-7    7.812856178080746E-8     3.3730745680897364E-6    7.934049910363364E-5
239.57901199400592        0.005756742697335882     6.85456663539784E-8      1.0131859009229834E-7    9.704084254953953E-6     9.021294225376771E-5
240.32863343328634        0.0057927179630763255    2.569658836913456E-8     1.0768961742399507E-7    1.8871059014915533E-5    1.0078370729433511E-4
241.0782548725667         0.005828805616401088     -1.2732821981504215E-8   9.935765950708135E-8     3.112606078659854E-5     1.1033855672012222E-4
241.827876311847          0.005865005657310167     -4.266231784035118E-8    7.993028861842005E-8     4.7043693729923316E-5    1.1748008653518851E-4
242.5774977511274         0.00590131808580357      -6.177590775667084E-8    5.380814507742786E-8     6.586081422562861E-5     1.2176420030390798E-4
243.32711919040773        0.005937742901881287     -6.952581144236204E-8    2.5497039519165313E-8    8.708437634609934E-5     1.2265208175278694E-4
244.07674062968803        0.005974280105543322     -6.691105071620138E-8    -9.837811906303669E-10   1.0968101276001937E-4    1.1885831100111937E-4
244.82636206896842        0.006010929696789678     -5.6093680136384576E-8   -2.253659182060661E-8    1.3261443122718704E-4    1.1009074892390753E-4
245.57598350824873        0.006047691675620352     -3.992702894968396E-8    -3.7231872978861943E-8   1.5525941778279652E-4    9.622600923582492E-5
246.32560494752906        0.006084566042035345     -2.1470496311534098E-8   -4.4364182106006985E-8   1.7592381516494778E-4    7.710699056662047E-5
247.0752263868095         0.006121552796034658     -3.5559544528403712E-9   -4.433975731317843E-8    1.9342107490452636E-4    5.33144135560824E-5
247.82484782608984        0.00615865193761829      1.15457459181669E-8      -3.843690005268243E-8    2.0694939268006983E-4    2.4824276130320356E-5
248.5744692653702         0.00619586346678624      2.2330149603372316E-8    -2.849060904101986E-8    2.15172656902862E-4      -7.0441519503547465E-6
249.32409070465053        0.006233187383538508     2.8129581196382974E-8    -1.655506398687923E-8    2.176135505575052E-4     -4.105326906725279E-5
250.07371214393092        0.0062706236878750975    2.9060604948051073E-8    -4.592282527985775E-9    2.1289705910193738E-4    -7.630158953417336E-5
250.82333358321125        0.006308172379796003     2.587514693993135E-8     5.775645197440441E-9     2.0095964429337311E-4    -1.1114809413716767E-4
251.57295502249158        0.006345833459301226     1.975066862446919E-8     1.3427634759000656E-8    1.8203992839973615E-4    -1.4460144604552455E-4
252.32257646177194        0.006383606926390772     1.2057506222524091E-8    1.781015305535419E-8     1.5628438666456584E-4    -1.7450528887949838E-4
253.07219790105228        0.006421492781064633     4.138650921112323E-9     1.891541756335976E-8     1.2463136371462078E-4    -1.993845081757133E-4
253.8218193403326         0.006459491023322814     -2.8699644278833167E-9   1.7188507879624116E-8    8.768278522717453E-5     -2.1811882396329853E-4
254.571440779613          0.006497601653165315     -8.160562037379103E-9    1.338768166467039E-8     4.7173279787957414E-5    -2.2945280780265942E-4
255.3210622188933         0.006535824670592133     -1.1308820674563231E-8   8.424808471954373E-9     4.867643556667503E-6     -2.3285692382059943E-4
256.0706836581737         0.006574160075603269     -1.2266456702985356E-8   3.2113328622126674E-9    -3.788912117833485E-5    -2.2753673479172592E-4
256.8203050974541         0.006612607868198728     -1.130241136908968E-8    -1.4696278750152492E-9   -7.908448319412304E-5    -2.1358555287414522E-4
257.5699265367344         0.006651168048378501     -8.909366774089972E-9    -5.0513933236171195E-9   -1.1722733872501685E-4   -1.919298828113425E-4
258.31954797601475        0.006689840616142595     -5.694521738927239E-9    -7.226171628735238E-9    -1.50326704833303E-4     -1.6289359642132352E-4
259.0691694152951         0.006728625571491008     -2.272747094211645E-9    -7.943399154594111E-9    -1.7661273120487473E-4   -1.2784172496512438E-4
259.81879085457547        0.00676752291442374      8.230215505210517E-10    -7.371548760278991E-9    -1.9541367530648732E-4   -8.780169282318627E-5
260.5684122938558         0.006806532644940789     3.204170224232338E-9     -5.834992682700358E-9    -2.053773101439484E-4    -4.472450358875803E-5
261.31803373313613        0.0068456547630421595    4.657131796816501E-9     -3.7392156786704784E-9   -2.06382334236597E-4     -1.02624314570999E-6
262.06765517241655        0.00688488926872785      5.143318725022603E-9     -1.4971919685575053E-9   -1.979352181233237E-4    4.172191593736185E-5
262.8172766116968         0.006924236161997852     4.773473002030102E-9     5.325282109874019E-10    -1.8067053479535548E-4   8.112978726867008E-5
263.5668980509772         0.00696369544285218      3.764531504542238E-9     2.088924118493533E-9     -1.5593716373178473E-4   1.1591889626937587E-4
264.3165194902576         0.007003267111290825     2.3883421052068657E-9    3.0296428503742955E-9    -1.2472672109862685E-4   1.4386916253427093E-4
265.06614092953794        0.0070429511673137865    9.212258209778764E-10    3.330784773402376E-9     -8.920801514841035E-5    1.6400665157600982E-4
265.8157623688183         0.007082747610921068     -3.9824065006294644E-10  3.0690246136498822E-9    -5.023967561669591E-5    1.7576029736627663E-4
266.56538380809866        0.007122656442112671     -1.3983071905988266E-9   2.3917832119409365E-9    -1.0712745608424884E-5   1.7836388404386487E-4
267.31500524737896        0.007162677660888589     -1.9878802537402854E-9   1.4820047081760413E-9    2.7717651321466263E-5    1.7288279876523935E-4
268.0646266866593         0.0072028112672488254    -2.1556446195212693E-9   5.238078889153079E-10    6.307011689735808E-5     1.586624700703488E-4
268.8142481259397         0.007243057261193384     -1.9571641331688593E-9   -3.259095554775882E-10   9.316365411386984E-5     1.3790198686619736E-4
269.56386956522005        0.007283415642722259     -1.4940300885449805E-9   -9.566040018762597E-10   1.1763850115097906E-4    1.1125805768790519E-4
270.3134910045004         0.007323886411835455     -8.896559977896328E-10   -1.3126307865674623E-9   1.3423911949095912E-4    8.092726230541985E-5
271.06311244378065        0.007364469568532965     -2.660512838213015E-10   -1.3917360369150381E-9   1.4382109362507027E-4    4.887426540153012E-5
271.81273388306107        0.007405165112814798     2.749865895925876E-10    -1.2354988965865712E-9   1.4502065132186853E-4    1.635313336570744E-5
272.5623553223414         0.007445973044680949     6.641016657293072E-10    -9.146392764043467E-10   1.3925377393913217E-4    -1.37836279793534E-5
273.3119767616218         0.007486893364131421     8.692743450727211E-10    -5.124091458509252E-10   1.2679872960934689E-4    -4.1166994106635435E-5
274.06159820090215        0.007527926071166207     8.939119132397769E-10    -1.0903114870502624E-10  1.090716088694715E-4     -6.2753814403347E-5
274.8112196401825         0.007569071165785316     7.696510779841108E-10    2.3053170282872903E-10   8.813547251681762E-5     -7.903016404147934E-5
275.5608410794629         0.007610328647988741     5.459669656989319E-10    4.641194566506483E-10    6.462064079092923E-5     -8.823694609088197E-5
276.3104625187432         0.007651698517776485     2.7882836103216123E-10   5.748629505584339E-10    4.1962265074770276E-5    -9.11975615991427E-5
277.0600839580235         0.007693180775148548     2.0399872037089233E-11   5.691250140864963E-10    2.0203240970598472E-5    -8.859941217913792E-5
277.8097053973039         0.007734775420104932     -1.8872941407140098E-10  4.710499501448496E-10    2.2232827586136956E-6    -8.053797779638481E-5
278.55932683658426        0.007776482452645635     -3.2398290552943226E-10  3.1522357694056104E-10   -1.1843283232722984E-5   -6.956300314383988E-5
279.3089482758646         0.007818301872770652     -3.777789330283352E-10   1.38988781199029E-10     -2.1114049119504157E-5   -5.5759696764190655E-5
280.0585697151449         0.007860233680479991     -3.575269595854155E-10   -2.425635088167628E-11   -2.4824724307958854E-5   -4.214812615563058E-5
280.80819115442523        0.007902277875773646     -2.815151797724321E-10   -1.4984941492035076E-10  -2.3955565737694213E-5   -2.9174798556433258E-5
281.55781259370565        0.007944434458651624     -1.7375986653793625E-10  -2.24298107126427E-10    -1.813498144041048E-5    -1.8834451784839828E-5
282.30743403298595        0.00798670342911392      -5.886783293678804E-11   -2.453853833539665E-10   -1.011161373714002E-5    -1.2082959996868233E-5
283.05705547226637        0.008029084787160534     4.222807123908611E-11    -2.2035782742339146E-10  8.798751779243678E-8     -9.455552234847776E-6
283.80667691154673        0.008071578532791467     1.1510277172241731E-10   -1.6285788327162685E-10  9.760838726653894E-6     -1.217269760868151E-5
284.55629835082703        0.008114184666006717     1.530275150430276E-10    -8.93534185512397E-11    1.827405982560736E-5     -1.8663579768111453E-5
285.3059197901074         0.008156903186806286     1.566173003744812E-10    -1.5766592519448562E-11  2.369052630077002E-5     -2.9846816734115064E-5
286.05554122938776        0.008199734095190177     1.3228567286101054E-10   4.5158061643982106E-11   2.4408942017293334E-5    -4.31002789034249E-5
286.8051626686681         0.008242677391158387     8.999638174989958E-11    8.543212798920594E-11    2.038194193375351E-5     -5.832192739022676E-5
287.5547841079484         0.008285733074710908     4.0832893215633254E-11   1.0227359334205045E-10   1.0204553888154363E-5    -7.264286569962437E-5
288.3044055472288         0.008328901145847755     -5.157590239222756E-12   9.756354003486732E-11    -4.617929479029E-6       -8.458366993420854E-5
289.0540269865092         0.008372181604568922     -4.052112451941748E-11   7.659212182335004E-11    -2.4728742294899238E-5   -9.237372334394312E-5
289.8036484257895         0.008415574450874402     -6.119555042279771E-11   4.644872869522887E-11    -4.772805802117211E-5    -9.439601472555234E-5
290.5532698650698         0.008459079684764203     -6.655415863113367E-11   1.4407885639187128E-11   -7.290615251209984E-5    -9.024122097418504E-5
291.3028913043502         0.008502697306238326     -5.883088449868097E-11   -1.3402358336556932E-11  -9.755783422182142E-5    -7.828430520234325E-5
292.0525127436306         0.008546427315296765     -4.2147787799591535E-11  -3.286660954270306E-11   -1.1992414074862676E-4   -5.9530277640558867E-5
292.80213418291095        0.00859026971193952      -2.1395153678471483E-11  -4.221733957460325E-11   -1.3795455203150666E-4   -3.363209765094827E-5
293.5517556221913         0.0086342244961666       -1.193877149059465E-12   -4.188115925515037E-11   -1.4911585946572974E-4   -3.0345167508973436E-6
294.3013770614716         0.008678291667977994     1.4888387208427632E-11   -3.39583748637754E-11    -1.526780430054776E-4    3.109132498101871E-5
295.050998500752          0.008722471227373707     2.477425038862765E-11    -2.1501312670600613E-11  -1.468975429970448E-4    6.625279020756883E-5
295.80061994003233        0.008766763174353742     2.795450764018747E-11    -7.762084095850917E-12   -1.3261503783312613E-4   1.001567139316448E-4
296.5502413793127         0.008811167508918093     2.5262659355403403E-11   4.446460727177701E-12    -1.0925849162389631E-4   1.3044279386755943E-4
297.299862818593          0.008855684231066764     1.844682788882756E-11    1.3181099095982307E-11   -7.883006442899898E-5    1.544604383119965E-4
298.0494842578734         0.008900313340799758     9.657938867968332E-12    1.7551241867451654E-11   -4.202309701656581E-5    1.7088509464607495E-4
298.7991056971537         0.008945054838117061     9.657138936308387E-13    1.7669200370494118E-11   -2.0369918265305246E-6   1.7709781123640046E-4
299.548727136434          0.008989908723018688     -6.012664118117866E-12   1.4422873887588486E-11   3.875755062136119E-5     1.7374455380109673E-4
300.29834857571444        0.009034874995504639     -1.0323848734632881E-11  9.148588814868544E-12    7.790560809376411E-5     1.59513762564611E-4
301.0479700149948         0.009079953655574898     -1.1721505504088853E-11  3.2855219321336692E-12   1.1179441119443926E-4    1.363118937673755E-4
301.7975914542751         0.00912514470322948      -1.0566613599880471E-11  -1.919219215738916E-12   1.3914840991494903E-4    1.0554658836577015E-4
302.5472128935556         0.009170448138468387     -7.632333758871144E-12   -5.608874317636868E-12   1.5748716007035047E-4    6.881966310064971E-5
303.2968343328359         0.009215863961291608     -3.8697984815891425E-12  -7.400105692966972E-12   1.6567475511078262E-4    2.9297032764093834E-5
304.04645577211613        0.009261392171699143     -1.8760871197550682E-13  -7.358019787926362E-12   1.6394945705674002E-4    -1.0479005399578793E-5
304.79607721139655        0.009307032769691003     2.7152030072739784E-12   -5.88967074807798E-12    1.520942098230807E-4     -4.8013263250849406E-5
305.5456986506769         0.009352785755267183     4.441165586654905E-12    -3.593104903360286E-12   1.3127013026045933E-4    -8.003132072575744E-5
306.2953200899572         0.009398651128427672     4.90858601206775E-12     -1.100305293499811E-12   1.0383528889137873E-4    -1.0485318324867723E-4
307.0449415292376         0.009444628889172491     4.300973420262574E-12    1.0540277479913096E-12   7.162129391730324E-5     -1.2139802059189274E-4
307.79456296851794        0.009490719037501627     2.9747689018961533E-12   2.517343967215383E-12    3.752030772287502E-5     -1.2800872447095153E-4
308.5441844077983         0.009536921573415078     1.3520776795632346E-12   3.150463367799897E-12    4.946019144986411E-6     -1.2566518452265324E-4
309.2938058470786         0.009583236496912848     -1.7727725963949015E-13  3.0099242733422608E-12   -2.495215329364871E-5    -1.1502383450601204E-4
310.043427286359          0.00962966380799494      -1.326794356861037E-12   2.2949852092157922E-12   -4.903028927739349E-5    -9.72676103091488E-5
310.7930487256394         0.00967620350666135      -1.948749294127833E-12   1.2771377672378392E-12   -6.620801220422643E-5    -7.538399418738976E-5
311.54267016491974        0.009722855592912078     -2.0342756315096707E-12  2.298890453215769E-13    -7.583326145767801E-5    -5.0927065176959494E-5
312.2922916042001         0.009769620066747121     -1.6853595319310864E-12  -6.27076542490964E-13    -7.745298512716055E-5    -2.6456211940629223E-5
313.0419130434804         0.009816496928166487     -1.0702390658450808E-12  -1.1610185586255706E-12  -7.22882281399746E-5     -4.5979111115646735E-6
313.79153448276077        0.009863486177170172     -3.7473155340813775E-13  -1.3345196177439869E-12  -6.163321609156272E-5    1.3159220022331863E-5
314.5411559220412         0.009910587813758177     2.3971251189104803E-13   -1.1925593946257736E-12  -4.712505047294327E-5    2.4988062927796314E-5
315.29077736132143        0.009957801837930495     6.640190615569166E-13    -8.353843260830919E-13   -3.1157373968013755E-5   3.081305702487865E-5
316.04039880060185        0.010005128249687138     8.527024355006015E-13    -3.8574109646443373E-13  -1.5638683870628537E-5   3.0584716672437796E-5
316.7900202398822         0.010052567049028096     8.194809176497829E-13    4.155543710791237E-14    -3.014280999252061E-6    2.526399524914497E-5
317.53964167916246        0.010100118235953371     6.214885852711826E-13    3.618785476702487E-13    5.566632559267436E-6     1.6201598158435848E-5
318.2892631184428         0.010147781810462967     3.3778785066091917E-13   5.319428073345362E-13    9.202821750606791E-6     4.878630483669597E-6
319.03888455772324        0.010195557772556882     4.7898016645851436E-14   5.498603767280596E-13    7.408897712778446E-6     -6.19466951424692E-6
319.7885059970036         0.01024344612223512      -1.851368567597661E-13   4.4644062892059273E-13   1.2602028090813454E-6    -1.5073189552544033E-5
320.53812743628396        0.010291446859497672     -3.245201472164855E-13   2.7143612466695124E-13   -9.030291692103312E-6    -2.0501639339243896E-5
321.28774887556426        0.010339559984344542     -3.6176212428458054E-13  7.873650084430889E-14    -2.1196553111741624E-5   -2.075921169234558E-5
322.0373703148447         0.010387785496775733     -3.1223408918626605E-13  -8.610272544398102E-14   -3.318118856480506E-5    -1.6139560443794172E-5
322.7869917541249         0.010436123396791239     -2.065637598745534E-13   -1.9382128242417867E-13  -4.328101330200149E-5    -6.489383648425445E-6
323.5366131934053         0.010484573684391069     -8.061826901799888E-14   -2.3415828394249874E-13  -4.958069812524968E-5    7.562772947116878E-6
324.2862346326857         0.010533136359575219     3.345409357790065E-14    -2.1384561924104212E-13  -5.060630514875405E-5    2.391209250544654E-5
325.03585607196607        0.010581811422343686     1.1340536695111471E-13   -1.513428480481519E-13   -4.612233659434115E-5    4.1152062675917206E-5
325.78547751124637        0.010630598872696465     1.4954432518643788E-13   -7.016719347348137E-14   -3.515240628027278E-5    5.680894013842E-5
326.53509895052673        0.01067949871063357      1.4404994689009291E-13   7.415136911529268E-15    -1.925263087417756E-5    6.875093533101636E-5
327.28472038980703        0.010728510936154992     1.0781958938719942E-13   6.502649847922935E-14    8.270747428794245E-7     7.542545369444551E-5
328.0343418290875         0.010777635549260735     5.608555176771061E-14    9.448342608828749E-14    2.2939220786883847E-5    7.53569861278712E-5
328.78396326836776        0.01082687254995079      4.041860826664187E-15    9.576794236304337E-14    4.4870775250810646E-5    6.825350071109212E-5
329.5335847076482         0.01087622193822517      -3.654629730949358E-14   7.518203665988388E-14    6.431242655885073E-5     5.447263791689935E-5
330.28320614692853        0.01092568371408387      -5.920733228847025E-14   4.2497111316778334E-14   7.874207422019501E-5     3.495362139887851E-5
331.0328275862088         0.01097525787752688      -6.301878834168086E-14   7.960166785413801E-15    8.677181665979247E-5     1.1699418640127384E-5
331.7824490254892         0.011024944428554218     -5.155089600347847E-14   -2.0136012279019208E-14  8.723293429578261E-5     -1.3561781126851816E-5
332.53207046476956        0.011074743367165872     -3.102760599541608E-14   -3.6892688373618355E-14  8.014798363049021E-5     -3.810889733742689E-5
333.28169190404986        0.011124654693361843     -8.297014794107406E-15   -4.114673850619081E-14   6.578065115960011E-5     -5.9602796678197584E-5
334.0313133433302         0.011174678407142133     1.0882682470554298E-14   -3.4879867038869755E-14  4.580138415775093E-5     -7.54455856823336E-5
334.7809347826106         0.011224814508506745     2.2918655508535334E-14   -2.2038632283485857E-14  2.1873513064563696E-5    -8.439648630252116E-5
335.53055622189095        0.011275062997455674     2.6715046890176783E-14   -7.16867133865986E-15    -3.675174747315259E-6    -8.56938025245889E-5
336.2801776611713         0.011325423873988922     2.335042117739268E-14    5.7793195215819875E-15   -2.833525912409272E-5    -7.919604077359437E-5
337.02979910045167        0.011375897138106487     1.5322684557976705E-14   1.4232978596644353E-14   -4.920872439824999E-5    -6.582355356904057E-5
337.77942053973203        0.011426482789808371     5.634833452119193E-15    1.7280607845665357E-14   -6.425274626074712E-5    -4.678941500711835E-5
338.5290419790124         0.011477180829094578     -3.0284695261595086E-15  1.5499203443200846E-14   -7.231772814955787E-5    -2.4736224121107603E-5
339.2786634182928         0.011527991255965101     -8.860354798019166E-15   1.0471226599258883E-14   -7.346479869388837E-5    -1.5858034301436459E-6
340.02828485757306        0.011578914070419936     -1.1154884516740871E-14  4.174677420075167E-15    -6.776175504124546E-5    1.999813249720724E-5
340.7779062968534         0.011629949272459101     -1.0217272522393002E-14  -1.5801744212629669E-15  -5.575525669905886E-5    3.8106634992750036E-5
341.52752773613383        0.01168109686208258      -7.0537185740513956E-15  -5.543925437901977E-15   -3.9031141027729885E-5   5.0563891278683056E-5
342.2771491754141         0.011732356839290374     -2.9652238577048772E-15  -7.195855284765002E-15   -1.9953475755967103E-5   5.674524922442337E-5
343.02677061469444        0.011783729204082488     8.352015680430757E-16    -6.697628781957056E-15   -1.1761277497947382E-6   5.648245140283031E-5
343.77639205397486        0.01183521395645893      3.4950655922777552E-15   -4.693066344243403E-15   1.5504186165149444E-5    5.0318530889720655E-5
344.52601349325516        0.011886811096419684     4.644035657243458E-15    -2.0377474819618183E-15  2.8321677775674847E-5    3.938591266704725E-5
345.27563493253547        0.01193852062396475      4.369859174099003E-15    4.59740253992968E-16     3.652417080713042E-5     2.556352859637726E-5
346.02525637181594        0.011990342539094149     3.0880300772065147E-15   2.224497249704297E-15    3.954096858009481E-5     1.093657622140402E-5
346.77487781109625        0.012042276841807857     1.3616607675887362E-15   3.000896882038968E-15    3.734227399215325E-5     -3.3037787462871605E-6
347.52449925037655        0.01209432353210588      -2.7263596636619854E-16  2.8394404127735716E-15   3.0125961921575637E-5    -1.5000309478545E-5
348.27412068965697        0.012146482609988235     -1.431285052567505E-15   2.011041605595371E-15    2.0221071907889557E-5    -2.2751246705631987E-5
349.02374212893733        0.012198754075454898     -1.9424281742132554E-15  8.868575093330134E-16    9.47920532678399E-6      -2.5801943943850045E-5
349.77336356821763        0.012251137928505884     -1.8379709930911613E-15  -1.7841463500204328E-16  -5.450123120867756E-7    -2.4561094521948026E-5
350.522985007498          0.012303634169141191     -1.2965538977863557E-15  -9.314451434077425E-16   -9.189770617757733E-6    -1.9424930163634876E-5
351.27260644677835        0.012356242797360813     -5.632344843811653E-16   -1.2595468697425686E-15  -1.4690280184577858E-5   -1.198937723977176E-5
352.02222788605866        0.012408963813164753     1.284408725178011E-16    -1.185144156509618E-15   -1.6892077210486333E-5   -3.92833137159207E-6
352.7718493253391         0.012461797216553017     6.128514547673898E-16    -8.273722895647702E-16   -1.545631747941167E-5    3.5548111887398432E-6
353.5214707646194         0.012514743007525595     8.179669447259864E-16    -3.482947630130005E-16   -1.1104654072550826E-5   1.0205988779763228E-5
354.2710922038997         0.012567801186082491     7.609930095045289E-16    9.893473067239565E-17    -4.002782282033121E-6    1.400418743044169E-5
355.02071364318016        0.01262097175222371      5.222181804170646E-16    4.0717717872926475E-16   3.288172572871238E-6     1.481710508062181E-5
355.77033508246046        0.012674254705949243     2.0894455702426926E-16   5.316559206816453E-16    9.885338555818518E-6     1.1264311701903962E-5
356.51995652174077        0.012727650047259098     -7.884968029454879E-17   4.862726185585119E-16    1.354058992475223E-5     6.489251112902738E-6
357.2695779610212         0.012781157776153275     -2.7265073348705646E-16  3.256177844459012E-16    1.636252079968485E-5     -4.609586010151586E-7
358.01919940030155        0.012834777892631767     -3.4552247693986467E-16  1.207613451359561E-16    1.5109897025198914E-5    -6.708532541991094E-6
358.76882083958185        0.012888510396694574     -3.089149288457117E-16   -6.338070645342381E-17   1.3015755361621533E-5    -1.257088437776427E-5
359.5184422788622         0.012942355288341704     -2.0019372463914418E-16  -1.835623195579109E-16   6.6626478536650625E-6    -1.7281871621685627E-5
360.26806371814257        0.012996312567573156     -6.639472385251512E-17   -2.2424344007315E-16     1.7058765246049306E-7    -1.9365166610409034E-5
361.01768515742293        0.013050382234388922     5.060596142234818E-17    -1.9483892905723388E-16  -7.509146590824943E-6    -1.9922738519913267E-5
361.76730659670324        0.013104564288789006     1.239253273400215E-16    -1.2102912903208078E-16  -1.4030610258228472E-5   -1.6959848736231827E-5
362.51692803598365        0.013158858730773413     1.4510790130912097E-16   -3.387576000026007E-17   -1.9535431430773277E-5   -1.1367749720252856E-5
363.26654947526396        0.013213265560342136     1.2179699392860203E-16   3.9823988707459045E-17   -2.1665639939009244E-5   -3.414400613422309E-6
364.0161709145443         0.013267784777495175     7.166572801188209E-17    8.366540470723284E-17    -2.2360998214681513E-5   4.142062271180439E-6
364.76579235382474        0.013322416382232541     1.5148003450051134E-17   9.345703793742809E-17    -1.937164180748296E-5    1.2286228382707103E-5
365.51541379310504        0.013377160374554218     -3.0778594924622835E-17  7.529419980121852E-17    -1.4052104390642891E-5   1.671776331251049E-5
366.2650352323854         0.01343201675446022      -5.63330801996697E-17    4.1322357855212165E-17   -7.82542718421266E-6     2.0374878202186995E-5
367.0146566716657         0.01348698552195053      -5.978553278166335E-17   4.906738502579172E-18    1.8937517706965035E-7    2.1215645752167016E-5
367.76427811094607        0.01354206667702517      -4.59011875565395E-17    -2.332952567716514E-17   6.680833250758444E-6     2.0025195298851092E-5
368.5138995502265         0.013597260219684128     -2.29926508454243E-17    -3.772846664789904E-17   1.262108092354876E-5     1.6809010893802578E-5
369.2635209895068         0.0136525661499274       2.672818664228713E-19    -3.789968953170833E-17   1.6178809898180655E-5    1.1555871533428061E-5
370.0131424287871         0.013707984467754992     1.7334689824192905E-17   -2.7493120092832147E-17  1.8095263537497437E-5    5.405641441925373E-6
370.7627638680675         0.013763515173166903     2.5069720787022065E-17   -1.2160122877531027E-17  1.877793465594075E-5     -6.238750930653387E-7
371.5123853073478         0.013819158266163133     2.3744891659063868E-17   2.529679229411477E-18    1.7375468220538942E-5    -7.12800569477863E-6
372.2620067466282         0.013874913746743683     1.6098984647575814E-17   1.2624392901759502E-17   1.4152360071278182E-5    -1.128265880722368E-5
373.01162818590853        0.013930781614908546     5.938772024081874E-18    1.6485320199111028E-17   9.819849558611242E-6     -1.4341835070643555E-5
373.7612496251889         0.013986761870657739     -3.2061318901992826E-18  1.4656391442361516E-17   5.598724168718712E-6     -1.5957378694393786E-5
374.5108710644693         0.014042854513991244     -9.009623680483165E-18   9.150849911772985E-18    3.761573810168045E-7     -1.662594031336698E-5
375.26049250374956        0.014099059544909063     -1.0699658169830337E-17  2.5028459131872215E-18   -3.7725504948815786E-6   -1.5802824341697637E-5
376.01011394303           0.01415537696341121      -8.878042280322713E-18   -3.0879290736941833E-18  -7.379810522954594E-6    -1.3742959298566454E-5
376.7597353823103         0.01421180676949767      -4.994279578795241E-18   -6.29836714786043E-18    -1.0348119273935299E-5   -1.1668258600114628E-5
377.50935682159064        0.014268348963168453     -7.110290745191642E-19   -6.83481446464657E-18    -1.3062952197677861E-5   -7.511703362927171E-6
378.258978260871          0.014325003544423549     2.629437844048036E-18    -5.25112294500223E-18    -1.4527566451305704E-5   -3.1777509004239075E-6
379.0085997001513         0.014381770513262965     4.30973930437601E-18     -2.568970652777767E-18   -1.466830937939162E-5    1.2439714406774112E-6
379.75822113943167        0.014438649869686704     4.2829314146887905E-18   1.3973159416940018E-19   -1.3947139870064873E-5   5.968443730183607E-6
380.50784257871203        0.01449564161369476      3.0116700388180582E-18   2.077639162959465E-18    -1.0558214541859626E-5   8.814764958774066E-6
381.25746401799233        0.014552745745287133     1.200310467779828E-18    2.8830846392212024E-18   -8.543185836991433E-6    1.2027292306276437E-5
382.0070854572728         0.014609962264463826     -4.745245631023611E-19   2.622193613155396E-18    -2.9110230440449087E-6   1.5240076086231194E-5
382.75670689655317        0.014667291171224842     -1.5555600951546256E-18  1.6574922832137533E-18   2.0892636056331923E-6    1.547634421308601E-5
383.5063283358334         0.014724732465570165     -1.882235636415709E-18   4.632643684017414E-19    7.763790441749711E-6     1.5920474941812756E-5
384.25594977511383        0.01478228614749982      -1.5602930893304314E-18  -5.441913483803691E-19   1.362902746612237E-5     1.1303649916847822E-5
385.0055712143942         0.014839952217013789     -8.60289983050715E-19    -1.1149595003175706E-18  1.5706874110803842E-5    6.313850920463396E-6
385.75519265367456        0.014897730674112075     -9.350103185672846E-20   -1.1961399070039335E-18  1.8113836665506913E-5    9.509829506234695E-7
386.50481409295486        0.01495562151879468      4.919458245977377E-19    -8.956380589765276E-19   1.8782528284954313E-5    -6.848949684987309E-6
387.2544355322352         0.015013624751061607     7.688423036037869E-19    -4.0722797361579013E-19  1.5473747269634242E-5    -1.2176973725791573E-5
388.0040569715156         0.01507174037091285      7.371654227282323E-19    7.05765896012634E-20     1.2186501816808642E-5    -1.8044513059317628E-5
388.7536784107959         0.015129968378348409     4.903111960074342E-19    3.9578438615036094E-19   2.397177780363327E-6     -2.0506281440002322E-5
389.5032998500763         0.015188308773368294     1.6191492701597076E-19   5.109583224175626E-19    -4.780397168003043E-6    -1.8451026702090537E-5
390.2529212893566         0.01524676155597249      -1.2554621825664333E-19  4.381636333717281E-19    -1.2986164118761266E-5   -1.758412403551465E-5
391.00254272863697        0.015305326726161007     -2.951806157914195E-19   2.510036381307816E-19    -1.9766732702151854E-5   -9.67014141634673E-6
391.7521641679174         0.015364004283933851     -3.2705502252318114E-19  3.827872165384491E-20    -2.1630998585616426E-5   -5.1003667713690355E-6
392.5017856071977         0.015422794229291005     -2.4906370666704523E-19  -1.2739343801701644E-19  -2.2741354999480707E-5   6.070497121100145E-6
393.251407046478          0.015481696562232477     -1.1548380668169427E-19  -2.0764250628577613E-19  -1.8243487390843716E-5   1.2863325665816666E-5
394.00102848575847        0.015540711282758276     1.692451330506626E-20    -2.0101781782180813E-19  -1.004498481660037E-5    2.1799593541779086E-5
394.7506499250387         0.01559983839086838      1.0722177442358053E-19   -1.3349459447874832E-19  -1.8241427344284581E-6   2.2127569782263746E-5
395.5002713643191         0.015659077886562813     1.3878319971341952E-19   -4.297584227782882E-20   9.124815571966256E-6     2.2513990861333765E-5
396.2498928035995         0.01571842976984157      1.179267692800056E-19    3.5788248106554653E-20   1.559993875196029E-5     1.4976774024738191E-5
396.99951424287974        0.01577789404070463      6.571779204699576E-20    8.125372048572749E-20    2.170281206328531E-5     8.092817804476526E-6
397.7491356821601         0.015837470699152017     7.334461196692669E-21    8.828560114153184E-20    2.3421597481599472E-5    -2.828740318070821E-6
398.4987571214405         0.01589715974518373      -3.700601668065359E-20   6.53218271112102E-20     1.9645441482471704E-5    -1.2455876906347396E-5
399.2483785607209         0.015956961178799755     -5.710722435729573E-20   2.80033626559776E-20     1.3407727256355708E-5    -2.0037607261224207E-5
399.998                   0.016016874999999996     -5.3304972686810985E-20  -7.765734366164656E-21   3.2699270467950292E-6    -2.3823634024776062E-5
